1 1 1 417
2 1 2 394
3 1 3 404
4 1 1 419
5 1 2 398
6 1 3 410
7 2 1 417
8 2 2 387
9 2 3 398
10 2 1 417
11 2 2 399
12 2 3 402
13 3 1 423
14 3 2 389
15 3 3 407
16 3 1 418
17 3 2 407
18 3 3 402
19 4 1 412
20 4 2 389
21 4 3 407
22 4 1 410
23 4 2 405
24 4 3 411
25 5 1 407
26 5 2 386
27 5 3 400
28 5 1 409
29 5 2 405
30 5 3 410
31 6 1 408
32 6 2 382
33 6 3 405
34 6 1 413
35 6 2 400
36 6 3 410
37 7 1 409
38 7 2 385
39 7 3 407
40 7 1 408
41 7 2 400
42 7 3 400
43 8 1 408
44 8 2 384
45 8 3 402
46 8 1 411
47 8 2 401
48 8 3 405
49 9 1 412
50 9 2 387
51 9 3 412
52 9 1 408
53 9 2 401
54 9 3 405
55 10 1 410
56 10 2 386
57 10 3 418
58 10 1 404
59 10 2 407
60 10 3 404